{
 "cells": [
  {
   "cell_type": "code",
   "execution_count": 1,
   "id": "e7a3a480",
   "metadata": {},
   "outputs": [],
   "source": [
    "import pickle"
   ]
  },
  {
   "cell_type": "code",
   "execution_count": 2,
   "id": "3681e8bf",
   "metadata": {},
   "outputs": [],
   "source": [
    "with open('camera-16.pkl', 'rb') as f:\n",
    "    data = pickle.load(f)"
   ]
  },
  {
   "cell_type": "code",
   "execution_count": 3,
   "id": "f2dcf493",
   "metadata": {},
   "outputs": [
    {
     "name": "stdout",
     "output_type": "stream",
     "text": [
      "[array([[280.,   0., 128.],\n",
      "       [  0., 280., 128.],\n",
      "       [  0.,   0.,   1.]], dtype=float32), array([0.       , 0.3926991, 0.7853982, 1.1780972, 1.5707964, 1.9634954,\n",
      "       2.3561945, 2.7488935, 3.1415927, 3.5342917, 3.9269907, 4.3196898,\n",
      "       4.712389 , 5.105088 , 5.497787 , 5.8904862], dtype=float32), array([0.5235988, 0.5235988, 0.5235988, 0.5235988, 0.5235988, 0.5235988,\n",
      "       0.5235988, 0.5235988, 0.5235988, 0.5235988, 0.5235988, 0.5235988,\n",
      "       0.5235988, 0.5235988, 0.5235988, 0.5235988], dtype=float32), array([1.5, 1.5, 1.5, 1.5, 1.5, 1.5, 1.5, 1.5, 1.5, 1.5, 1.5, 1.5, 1.5,\n",
      "       1.5, 1.5, 1.5]), array([[[ 9.99704497e-08,  1.00000000e+00, -4.21468478e-08,\n",
      "         -9.82552824e-08],\n",
      "        [ 5.00000000e-01, -9.99704497e-08, -8.66025388e-01,\n",
      "          1.49011612e-08],\n",
      "        [-8.66025388e-01,  4.21468478e-08, -5.00000000e-01,\n",
      "          1.49999993e+00]],\n",
      "\n",
      "       [[-3.82683516e-01,  9.23879504e-01, -4.47447093e-08,\n",
      "          1.08290433e-07],\n",
      "        [ 4.61939782e-01,  1.91341728e-01, -8.66025448e-01,\n",
      "          3.04112255e-08],\n",
      "        [-8.00103128e-01, -3.31413627e-01, -5.00000000e-01,\n",
      "          1.49999997e+00]],\n",
      "\n",
      "       [[-7.07106709e-01,  7.07106709e-01,  7.93437138e-09,\n",
      "         -5.95077854e-09],\n",
      "        [ 3.53553355e-01,  3.53553325e-01, -8.66025329e-01,\n",
      "          7.64635075e-08],\n",
      "        [-6.12372339e-01, -6.12372398e-01, -5.00000060e-01,\n",
      "          1.49999985e+00]],\n",
      "\n",
      "       [[-9.23879564e-01,  3.82683486e-01, -1.18660761e-08,\n",
      "         -4.34263736e-10],\n",
      "        [ 1.91341743e-01,  4.61939752e-01, -8.66025448e-01,\n",
      "          5.87709508e-08],\n",
      "        [-3.31413627e-01, -8.00103188e-01, -4.99999970e-01,\n",
      "          1.50000002e+00]],\n",
      "\n",
      "       [[-9.99999940e-01, -4.37113883e-08,  6.03368462e-16,\n",
      "         -1.80816388e-16],\n",
      "        [-2.18556941e-08,  4.99999940e-01, -8.66025388e-01,\n",
      "          9.23298616e-08],\n",
      "        [ 3.78551732e-08, -8.66025388e-01, -5.00000000e-01,\n",
      "          1.49999993e+00]],\n",
      "\n",
      "       [[-9.23879623e-01, -3.82683456e-01,  1.99784527e-08,\n",
      "          2.96388412e-08],\n",
      "        [-1.91341713e-01,  4.61939752e-01, -8.66025448e-01,\n",
      "          2.99236378e-08],\n",
      "        [ 3.31413597e-01, -8.00103188e-01, -4.99999911e-01,\n",
      "          1.50000003e+00]],\n",
      "\n",
      "       [[-7.07106709e-01, -7.07106709e-01, -7.93437138e-09,\n",
      "          5.95077854e-09],\n",
      "        [-3.53553355e-01,  3.53553325e-01, -8.66025329e-01,\n",
      "          7.64635075e-08],\n",
      "        [ 6.12372339e-01, -6.12372398e-01, -5.00000060e-01,\n",
      "          1.49999985e+00]],\n",
      "\n",
      "       [[-3.82683516e-01, -9.23879504e-01,  4.47447093e-08,\n",
      "         -5.32229230e-08],\n",
      "        [-4.61939782e-01,  1.91341728e-01, -8.66025448e-01,\n",
      "          1.90063698e-08],\n",
      "        [ 8.00103128e-01, -3.31413627e-01, -5.00000000e-01,\n",
      "          1.49999999e+00]],\n",
      "\n",
      "       [[ 9.99704497e-08, -1.00000000e+00,  5.64660851e-09,\n",
      "          1.20649422e-08],\n",
      "        [-4.99999970e-01, -5.78235984e-08, -8.66025388e-01,\n",
      "          5.36155055e-08],\n",
      "        [ 8.66025388e-01,  7.86470906e-08, -4.99999970e-01,\n",
      "          1.49999991e+00]],\n",
      "\n",
      "       [[ 3.82683456e-01, -9.23879504e-01, -4.47447093e-08,\n",
      "          3.67556403e-08],\n",
      "        [-4.61939782e-01, -1.91341683e-01, -8.66025448e-01,\n",
      "          5.26342383e-08],\n",
      "        [ 8.00103128e-01,  3.31413627e-01, -5.00000000e-01,\n",
      "          1.49999997e+00]],\n",
      "\n",
      "       [[ 7.07106709e-01, -7.07106888e-01, -3.13209902e-09,\n",
      "          6.68539579e-09],\n",
      "        [-3.53553444e-01, -3.53553355e-01, -8.66025388e-01,\n",
      "          1.16662626e-08],\n",
      "        [ 6.12372518e-01,  6.12372339e-01, -5.00000000e-01,\n",
      "          1.49999992e+00]],\n",
      "\n",
      "       [[ 9.23879445e-01, -3.82683605e-01, -9.62774838e-09,\n",
      "         -2.11557556e-08],\n",
      "        [-1.91341817e-01, -4.61939752e-01, -8.66025388e-01,\n",
      "          3.58446961e-09],\n",
      "        [ 3.31413716e-01,  8.00103068e-01, -5.00000000e-01,\n",
      "          1.49999989e+00]],\n",
      "\n",
      "       [[ 1.00000000e+00,  1.19248815e-08,  6.13609113e-18,\n",
      "          5.09778912e-16],\n",
      "        [ 5.96244032e-09, -5.00000000e-01, -8.66025388e-01,\n",
      "          1.49011611e-08],\n",
      "        [-1.03272502e-08,  8.66025388e-01, -5.00000000e-01,\n",
      "          1.49999993e+00]],\n",
      "\n",
      "       [[ 9.23879445e-01,  3.82683605e-01,  9.62774838e-09,\n",
      "          2.11557556e-08],\n",
      "        [ 1.91341817e-01, -4.61939752e-01, -8.66025388e-01,\n",
      "          3.58446961e-09],\n",
      "        [-3.31413716e-01,  8.00103068e-01, -5.00000000e-01,\n",
      "          1.49999989e+00]],\n",
      "\n",
      "       [[ 7.07106888e-01,  7.07106650e-01, -1.46791166e-08,\n",
      "          2.74213363e-09],\n",
      "        [ 3.53553325e-01, -3.53553444e-01, -8.66025448e-01,\n",
      "          6.26714947e-08],\n",
      "        [-6.12372339e-01,  6.12372518e-01, -5.00000000e-01,\n",
      "          1.49999995e+00]],\n",
      "\n",
      "       [[ 3.82683367e-01,  9.23879564e-01, -2.07336548e-09,\n",
      "          6.21376191e-08],\n",
      "        [ 4.61939812e-01, -1.91341683e-01, -8.66025448e-01,\n",
      "         -3.24982481e-08],\n",
      "        [-8.00103188e-01,  3.31413567e-01, -5.00000000e-01,\n",
      "          1.50000009e+00]]])]\n"
     ]
    }
   ],
   "source": [
    "print(data)"
   ]
  },
  {
   "cell_type": "code",
   "execution_count": null,
   "id": "401b390a",
   "metadata": {},
   "outputs": [],
   "source": []
  }
 ],
 "metadata": {
  "kernelspec": {
   "display_name": "Python 3 (ipykernel)",
   "language": "python",
   "name": "python3"
  },
  "language_info": {
   "codemirror_mode": {
    "name": "ipython",
    "version": 3
   },
   "file_extension": ".py",
   "mimetype": "text/x-python",
   "name": "python",
   "nbconvert_exporter": "python",
   "pygments_lexer": "ipython3",
   "version": "3.11.5"
  }
 },
 "nbformat": 4,
 "nbformat_minor": 5
}
